      -2.6868050       2.6877129       6357.9788       526.72874
      -2.3882710       2.3890781       6345.3563       157.26368
      -2.0897370       2.0904433       6305.3002       154.94531
      -1.7912030       1.7918086       6318.3024       144.26988
      -1.4926700       1.4931738       6317.5731       54.334395
      -1.1941360       1.1945391       6315.9761       34.375161
     -0.89560200      0.89590429       6302.4863       31.616493
     -0.59706800      0.59726952       6288.0142       31.647111
     -0.29853400      0.29863476       6273.2194       30.479601
       0.0000000       0.0000000       6257.6574       26.704395
      0.29853400     -0.29863477       6247.2668       25.913859
      0.59706800     -0.59726953       6234.6928       33.764728
      0.89560200     -0.89590430       6231.8013       60.134876
       1.1941360      -1.1945391       6224.6262       150.28279
       1.4926690      -1.4931738       6232.0409       234.62214
       1.7912030      -1.7918086       6221.1472       91.848268
       2.0897370      -2.0904433       6217.5359       110.55610
       2.3882710      -2.3890781       6240.3709       584.01338
       2.6868050      -2.6877129       6320.3446       245.46748
