      -3.3876320       7.5364047       7005.7069       668.85840
      -2.7101050       7.0339777       6959.8723       166.77715
      -2.3713420       6.7827642       6928.5533       176.02462
      -2.0325790       6.5315507       6901.9060       161.31260
      -1.6938160       6.2803373       6836.8103       335.21473
      -1.3550530       6.0291238       7008.7174       1024.5764
      -1.0162890       5.7779103       6896.2078       277.75074
     -0.67752600       5.5266968       6892.1593       170.11254
     -0.33876300       5.2754833       6901.4765       234.46416
       0.0000000       5.0242698       6960.7010       256.47014
      0.33876300       4.7730563       6968.6004       216.09614
      0.67752700       4.5218428       7042.9631       361.08707
       4.4039220       1.7584944       6751.0664       492.04134
       4.7426850       1.5072809       6760.9951       182.18920
       5.0814480       1.2560675       6762.3979       67.178223
       5.4202110       1.0048540       6776.0764       30.281787
       5.7589750      0.75364047       6775.3337       27.250708
       6.0977380      0.50242698       6778.9182       40.283192
       6.4365010      0.25121349       6785.0407       46.954787
       6.7752640       0.0000000       6792.7816       30.581637
       7.1140270     -0.25121349       6807.7422       33.572985
       8.4690800      -1.2560675       6824.9969       13.468572
       8.8078430      -1.5072809       6834.1204       16.726811
       9.1466070      -1.7584944       6839.4600       32.623381
       9.4853700      -2.0097079       6851.7067       138.96687
       9.8241330      -2.2609214       6846.9065       169.60395
       10.162896      -2.5121349       6854.6518       246.09780
       10.501659      -2.7633484       6955.8774       462.20647
       10.840423      -3.0145619       6857.4015       156.96007
      -988.82081      -3.2657754       6872.5498       123.32548
      -988.48205      -3.5169889       6849.1324       79.972381
      -988.14329      -3.7682024       6857.4813       375.36056
      -987.80452      -4.0194158       6893.2091       489.56345
      -987.46576      -4.2706293       6880.6647       1401.3592
      -986.78824      -4.7730563       6874.1189       252.75535
      -985.77195      -5.5266968       6890.8688       273.52589
      -980.01297      -9.7973261       6945.5253       328.61374
      -979.67421      -10.048540       6867.5396       548.24400
      -978.99668      -10.550967       7048.1760       299.61699
