      -10.716319       5.6788029       6940.5030       421.06344
      -10.346791       5.4759885       6938.2699       543.54063
      -9.9772620       5.2731741       6954.0268       551.02567
      -7.7600930       4.0562878       6837.2789       270.07511
      -7.3905650       3.8534734       6860.3981       364.39798
      -7.0210370       3.6506590       6773.7563       630.80411
      -6.6515080       3.4478446       6786.1236       695.43017
      -6.2819800       3.2450302       6761.2141       553.36975
      -4.8038670       2.4337727       6743.4312       421.80185
      -4.0648110       2.0281439       6780.2105       190.53925
      -3.6952830       1.8253295       6743.8913       470.96771
      -3.3257540       1.6225151       6702.1354       261.46884
      -2.9562260       1.4197007       6698.5369       170.04309
      -2.5866980       1.2168864       6682.6013       531.35892
      -2.2171700       1.0140719       6658.5071       166.87447
      -1.8476420      0.81125756       6672.2135       85.548049
      -1.4781130      0.60844317       6680.6334       64.776262
      -1.1085850      0.40562878       6674.0870       36.249970
     -0.73905700      0.20281439       6657.2741       52.886318
     -0.36952900       0.0000000       6637.7578       80.486713
       0.0000000     -0.20281439       6637.9371       49.210285
      0.36952800     -0.40562878       6634.6837       33.860133
      0.73905600     -0.60844317       6634.5927       14.322744
       1.1085840     -0.81125756       6630.1879       20.960915
       1.4781120      -1.0140720       6633.4379       132.07513
       1.8476410      -1.2168863       6636.6929       290.27871
       2.2171690      -1.4197007       6655.3771       444.97534
       2.5866970      -1.6225151       6701.3989       312.40372
       2.9562250      -1.8253295       6741.7090       962.47778
       3.6952820      -2.2309583       6793.6924       435.30213
       4.0648100      -2.4337727       6704.9867       397.21272
       4.4343380      -2.6365871       6712.9621       344.92553
       4.8038660      -2.8394015       6730.4842       461.31513
       5.1733950      -3.0422159       6721.3976       658.16841
       5.5429230      -3.2450302       6625.2939       639.67511
       5.9124510      -3.4478446       6663.7378       877.61098
       6.2819790      -3.6506590       6738.7650       260.32141
       7.0210360      -4.0562878       6735.7440       1375.9191
       7.3905640      -4.2591022       6744.5726       2576.3887
       8.1296200      -4.6647310       6671.6395       436.80006
