      -3.7724840      -3.9825471       7149.7152       240.28170
      -3.4822930      -3.6761973       7172.9946       126.94688
      -3.1921020      -3.3698475       7170.6046       59.571595
      -2.9019110      -3.0634978       7168.5546       66.110749
      -2.6117200      -2.7571480       7162.7331       37.606475
      -2.3215290      -2.4507982       7155.5752       22.400010
      -2.0313380      -2.1444484       7148.3325       20.155934
      -1.7411470      -1.8380987       7136.6453       18.820952
      -1.4509550      -1.5317489       7136.2980       14.380399
      -1.1607640      -1.2253991       7133.1345       13.989761
     -0.87057300     -0.91904933       7124.7052       13.492277
     -0.58038200     -0.61269955       7117.4535       14.790932
     -0.29019100     -0.30634977       7097.7876       16.867946
       0.0000000       0.0000000       7076.1153       14.284314
      0.29019100      0.30634978       7054.7283       11.676817
      0.58038200      0.61269955       7046.2107       11.256374
      0.87057300      0.91904933       7040.5997       10.151960
       1.1607650       1.2253991       7037.0895       9.0048230
       1.4509560       1.5317489       7024.1430       10.243383
       1.7411470       1.8380987       6999.9980       11.403215
       2.0313380       2.1444484       6982.1313       11.034181
       2.3215290       2.4507982       6975.0947       11.399108
       2.6117200       2.7571480       6973.4752       14.857720
       2.9019110       3.0634978       6967.4443       10.486950
       3.1921020       3.3698475       6965.0124       10.126921
       3.4822940       3.6761973       6962.7083       22.631054
