      -4.0261840       7.5260351       6230.3443       282.46275
      -3.8344610       7.1497334       6253.0006       346.63171
      -3.6427380       6.7734316       6267.5860       552.03910
      -3.4510150       6.3971298       6282.3584       500.06724
      -3.2592920       6.0208281       6354.8007       244.66632
      -3.0675690       5.6445263       6422.4612       287.71653
      -2.8758460       5.2682246       6424.6815       555.23369
      -2.6841230       4.8919228       6409.2211       752.35365
      -2.3006770       4.1393193       6397.4563       175.49822
      -1.7255070       3.0104140       6348.0645       306.59698
      -1.3420610       2.2578105       6394.9864       342.49873
      -1.1503380       1.8815088       6436.7429       180.84529
     -0.95861500       1.5052070       6422.3049       88.819951
     -0.76689200       1.1289053       6410.3776       26.332655
     -0.57516900      0.75260351       6413.1138       22.241396
     -0.38344600      0.37630176       6417.0820       26.788346
     -0.19172300       0.0000000       6422.0480       30.975784
       0.0000000     -0.37630176       6427.6015       67.500794
      0.19172300     -0.75260351       6405.8711       158.97592
      0.76689200      -1.8815088       6208.2336       17009.084
      0.95861500      -2.2578105       6309.8579       389.71882
       1.3420610      -3.0104140       6330.4044       285.68411
       2.4924000      -5.2682246       6315.5057       1331.2266
       2.8758460      -6.0208281       6248.7437       210.61775
       3.0675690      -6.3971298       6182.8696       907.38103
       3.2592920      -6.7734316       6208.4911       663.91128
       3.4510150      -7.1497334       6287.8259       740.81235
       3.8344610      -7.9023369       6303.3992       882.61771
       4.0261840      -8.2786386       6489.9950       328.29540
       4.2179070      -8.6549404       6438.7314       196.23112
       4.4096300      -9.0312421       6481.9448       162.40037
       4.6013530      -9.4075439       6496.4788       668.69332
       4.7930760      -9.7838456       6449.6547       213.93720
       4.9847990      -10.160147       6426.9096       781.12867
