      -9.5749250       3.1624605       6146.9842       305.66417
      -9.1759700       3.0249622       6140.8198       467.11660
      -8.7770150       2.8874640       6133.0712       373.64530
      -8.3780600       2.7499657       6078.9981       1086.2570
      -7.9791040       2.6124674       6191.0743       571.32553
      -7.5801490       2.4749691       6206.4019       582.45441
      -7.1811940       2.3374708       6162.8914       205.26614
      -6.7822390       2.1999725       6162.6088       48.438163
      -6.3832840       2.0624743       6160.9107       20.094052
      -5.9843280       1.9249760       6163.0277       11.873470
      -5.5853730       1.7874777       6169.3211       11.359256
      -5.1864180       1.6499794       6173.7795       11.120462
      -4.7874630       1.5124811       6170.2112       14.036672
      -4.3885080       1.3749828       6171.4235       8.5822875
      -3.9895520       1.2374845       6171.6709       6.1027924
      -3.5905970       1.0999863       6170.5228       5.8851418
      -3.1916420      0.96248798       6167.2136       6.7090462
      -2.7926870      0.82498970       6165.6533       9.5736321
      -2.3937320      0.68749142       6166.1537       17.305990
      -1.9947760      0.54999313       6173.1496       27.154790
      -1.5958210      0.41249485       6176.7508       29.894567
      -1.1968660      0.27499656       6176.4901       20.627233
     -0.79791100      0.13749828       6174.2419       13.268590
     -0.39895600       0.0000000       6175.0220       18.644751
       0.0000000     -0.13749829       6172.3784       22.029039
      0.39895500     -0.27499657       6173.9548       18.936755
      0.79791000     -0.41249485       6177.2026       21.795390
       1.1968650     -0.54999314       6177.7655       14.346904
       1.5958200     -0.68749142       6179.2291       11.834936
       1.9947760     -0.82498971       6182.7260       22.756470
       2.3937310     -0.96248799       6180.9446       74.119570
       2.7926860      -1.0999863       6183.4022       180.08999
       3.1916410      -1.2374846       6214.5213       572.77097
       3.5905960      -1.3749828       6212.0576       1242.6854
       3.9895520      -1.5124811       6193.6470       155.47424
       4.3885070      -1.6499794       6197.3778       108.85012
       4.7874620      -1.7874777       6202.5008       265.35601
       5.1864170      -1.9249760       6192.5128       403.50292
       5.5853720      -2.0624743       6212.8142       647.53363
       6.3832830      -2.3374708       6138.2047       1224.7551
       6.7822380      -2.4749691       6101.4132       414.63458
       7.1811930      -2.6124674       6079.0545       1023.7306
       7.5801480      -2.7499657       6193.5850       462.75257
       7.9791040      -2.8874640       6250.7400       790.14549
       8.3780590      -3.0249623       6255.1303       431.14221
       8.7770140      -3.1624605       6237.3943       1107.4549
       9.1759690      -3.2999588       6208.2743       1402.7384
       9.5749240      -3.4374571       6274.3210       1090.6425
