      -6.9610930      -2.9947464       4967.6475       28.623167
      -6.5743660      -2.8283716       4969.7164       19.885532
      -6.1876380      -2.6619968       4968.6325       14.791197
      -5.8009110      -2.4956220       4970.9606       13.069054
      -5.4141830      -2.3292472       4973.0240       13.939560
      -5.0274560      -2.1628724       4979.2610       17.672087
      -4.6407290      -1.9964976       4987.0515       23.778658
      -4.2540010      -1.8301228       4995.1179       18.496830
      -3.8672740      -1.6637480       4996.2710       13.864723
      -3.4805470      -1.4973732       4998.9643       10.585414
      -3.0938190      -1.3309984       5006.4041       9.6987151
      -2.7070920      -1.1646236       5019.0529       9.2784258
      -2.3203640     -0.99824880       5028.2429       8.8318450
      -1.9336370     -0.83187400       5034.4051       8.9691724
      -1.5469100     -0.66549920       5040.4823       9.0072116
      -1.1601820     -0.49912440       5051.0661       9.8264659
     -0.77345500     -0.33274960       5064.4777       10.649503
     -0.38672700     -0.16637480       5076.7194       11.766868
       0.0000000       0.0000000       5087.3434       13.071574
      0.38672700      0.16637480       5102.3889       13.737719
      0.77345500      0.33274960       5126.1989       11.381575
       1.1601820      0.49912440       5139.4496       8.2615581
       1.5469090      0.66549920       5141.3114       8.4262557
       1.9336370      0.83187400       5142.8973       10.016394
       2.3203640      0.99824880       5147.7260       11.346409
       2.7070920       1.1646236       5156.7892       10.674517
       3.0938190       1.3309984       5160.6752       11.501308
       3.4805460       1.4973732       5166.5565       16.078969
       3.8672740       1.6637480       5163.8716       20.274398
       4.2540010       1.8301228       5164.2837       17.594685
       4.6407280       1.9964976       5162.5174       16.564009
       5.0274560       2.1628724       5160.8757       18.364022
       5.4141830       2.3292472       5162.4767       18.341585
       5.8009110       2.4956220       5164.2290       15.329842
       6.1876380       2.6619968       5164.6785       15.235656
       6.5743650       2.8283716       5169.9411       23.275237
       6.9610930       2.9947464       5173.8584       48.527685
