      -9.8590800      -6.5268388       4978.4699       352.87252
      -9.1548600      -6.0606361       4988.3389       355.88290
      -8.8027500      -5.8275347       4997.5344       318.32800
      -7.0422000      -4.6620277       4798.9370       261.29411
      -6.6900900      -4.4289263       4799.8327       168.56291
      -6.3379800      -4.1958250       4774.2794       69.312979
      -5.9858700      -3.9627236       4778.0375       24.995248
      -5.6337600      -3.7296222       4777.8588       35.230511
      -5.2816500      -3.4965208       4770.0259       63.418540
      -4.9295400      -3.2634194       4771.4923       55.149276
      -4.5774300      -3.0303180       4756.8036       52.203897
      -4.2253200      -2.7972166       4755.3411       31.097293
      -3.8732100      -2.5641152       4758.1773       17.622946
      -3.5211000      -2.3310139       4767.5549       14.449769
      -3.1689900      -2.0979125       4774.9288       17.153263
      -2.8168800      -1.8648111       4780.1852       17.688995
      -2.4647700      -1.6317097       4784.6811       18.277337
      -2.1126600      -1.3986083       4793.9581       18.488358
      -1.7605500      -1.1655069       4802.8767       22.177767
      -1.4084400     -0.93240554       4808.8870       18.262546
      -1.0563300     -0.69930416       4814.3310       12.590470
     -0.70422000     -0.46620277       4819.6265       10.418502
     -0.35211000     -0.23310138       4830.9407       11.386928
       0.0000000       0.0000000       4851.5056       12.604433
      0.35211000      0.23310139       4880.6083       13.811558
      0.70422000      0.46620278       4913.3804       15.365969
       1.0563300      0.69930416       4931.8836       16.789061
       1.4084400      0.93240555       4940.0388       18.983614
       1.7605500       1.1655069       4947.0264       16.067183
       2.1126600       1.3986083       4949.5917       16.706902
       2.4647700       1.6317097       4950.1831       12.364565
       2.8168800       1.8648111       4949.1176       13.564983
       3.1689900       2.0979125       4954.3662       22.800265
       3.5211000       2.3310139       4955.7969       27.169248
       3.8732100       2.5641153       4955.2781       25.804153
       4.2253200       2.7972166       4956.4469       28.673205
       4.5774300       3.0303180       4963.6064       28.554492
       4.9295400       3.2634194       4957.0589       28.903952
       5.2816500       3.4965208       4950.4902       44.088220
       5.6337600       3.7296222       4962.3930       127.70375
       5.9858700       3.9627236       4937.1473       343.68719
       6.3379800       4.1958250       4921.6115       482.82369
       7.0422000       4.6620277       4924.3260       201.40208
       7.3943100       4.8951291       4925.9783       307.66810
       8.4506400       5.5944333       4938.1592       264.39747
       10.563300       6.9930416       4928.6398       422.14165
       11.267520       7.4592444       4925.2094       647.29630
