      -2.5650980       11.110742       4763.0021       1007.9458
      -1.1400440       4.9381075       4736.8557       235.93213
      -1.0450400       4.5265985       4720.0087       209.14902
     -0.95003700       4.1150896       4702.0928       175.69347
     -0.85503300       3.7035806       4735.6774       138.45715
     -0.76002900       3.2920717       4726.2161       173.33608
     -0.66502600       2.8805627       4727.5278       153.76828
     -0.57002200       2.4690537       4731.4809       97.208552
     -0.47501900       2.0575448       4740.6228       56.975749
     -0.38001500       1.6460358       4749.2024       37.283049
     -0.28501100       1.2345269       4767.1606       26.051281
     -0.19000800      0.82301791       4784.1416       17.613931
    -0.095004000      0.41150896       4791.9746       15.577271
       0.0000000       0.0000000       4797.4767       17.276309
     0.095003000     -0.41150896       4801.7554       25.292445
      0.19000700     -0.82301792       4811.7768       34.645899
      0.28501000      -1.2345269       4829.6513       23.617180
      0.38001400      -1.6460358       4837.1336       17.208910
      0.47501800      -2.0575448       4841.8070       20.318061
      0.57002100      -2.4690537       4840.0608       45.130574
      0.66502500      -2.8805627       4835.9698       75.985770
      0.76002900      -3.2920717       4844.5332       69.384906
      0.85503200      -3.7035806       4839.9564       148.34402
      0.95003600      -4.1150896       4819.6488       473.27759
       1.0450390      -4.5265985       4860.1210       86.551715
       1.1400430      -4.9381075       4863.2157       98.376673
       1.2350470      -5.3496164       4867.9299       436.35503
