     -0.19833100       3.7957909       6984.7541       57.660748
     -0.17629500       3.3740363       6986.0502       31.785763
     -0.15425800       2.9522818       6988.3598       29.166543
     -0.13222100       2.5305272       6990.5287       30.277463
     -0.11018400       2.1087727       6990.9671       24.831248
    -0.088147000       1.6870182       7005.4793       17.787162
    -0.066111000       1.2652636       7008.9052       14.904715
    -0.044074000      0.84350908       7016.9370       15.899537
    -0.022037000      0.42175454       7036.6526       13.667954
       0.0000000       0.0000000       7051.7300       15.461749
     0.022036000     -0.42175454       7077.4698       21.821054
     0.044073000     -0.84350908       7108.3890       20.122400
     0.066110000      -1.2652636       7120.8954       15.182232
     0.088147000      -1.6870182       7135.1497       17.771623
      0.11018400      -2.1087727       7151.8990       20.656318
      0.13222000      -2.5305272       7167.7833       17.250249
      0.15425700      -2.9522818       7172.6946       16.840188
      0.17629400      -3.3740363       7172.8789       29.060670
      0.19833100      -3.7957909       7175.3069       49.979828
