     -0.61462400       2.8917304       7073.3002       22.374131
     -0.52682000       2.4786260       7071.9488       12.735777
     -0.43901700       2.0655217       7074.7973       13.756136
     -0.35121400       1.6524173       7087.2076       16.974363
     -0.26341000       1.2393130       7102.7932       14.630434
     -0.17560700      0.82620867       7116.5437       17.091199
    -0.087804000      0.41310434       7152.2520       19.176858
       0.0000000       0.0000000       7175.1841       15.013113
     0.087803000     -0.41310434       7192.9726       15.248670
      0.17560600     -0.82620867       7208.6709       18.519939
      0.26341000      -1.2393130       7217.8435       21.559678
      0.35121300      -1.6524173       7227.8047       27.266909
      0.43901700      -2.0655217       7242.1365       25.568502
      0.52682000      -2.4786260       7251.8882       19.915462
      0.61462300      -2.8917304       7255.5710       65.465868
