      -5.5547747      -2.0222511       6300.9468       291.41911
      -5.1580051      -1.8778046       6273.4529       185.79521
      -4.7612355      -1.7333581       6274.7546       286.07519
      -4.3644658      -1.5889116       6244.3028       459.05541
      -3.9676962      -1.4444651       6192.2524       331.95425
      -3.5709266      -1.3000186       6274.3950       271.01339
      -3.1741570      -1.1555721       6275.6978       127.53066
      -2.7773873      -1.0111255       6286.4446       127.21720
      -2.3806177     -0.86667905       6265.6747       76.033515
      -1.9838481     -0.72223254       6274.6619       29.311369
      -1.5870785     -0.57778603       6287.4034       43.237418
      -1.1903088     -0.43333952       6280.8565       64.807878
     -0.79353920     -0.28889302       6281.9102       39.121105
     -0.39676960     -0.14444651       6291.2660       33.401829
       0.0000000       0.0000000       6288.6945       29.855888
      0.39676960      0.14444650       6276.3456       17.855464
      0.79353930      0.28889301       6271.5465       18.330224
       1.1903089      0.43333952       6249.7413       19.616818
       1.5870785      0.57778603       6245.1505       12.579922
       1.9838481      0.72223253       6247.0201       27.605630
       2.3806178      0.86667904       6252.3642       50.668401
       2.7773874       1.0111256       6255.6924       33.187914
       3.1741570       1.1555721       6249.5179       32.415299
       3.5709266       1.3000186       6240.2822       35.423756
       3.9676963       1.4444651       6244.5664       16.503021
       4.3644659       1.5889116       6246.9464       9.9470870
       4.7612355       1.7333581       6243.5322       20.369981
       5.1580051       1.8778046       6239.9845       89.980141
