     -0.40150400       2.0728694       6794.8806       45.994543
     -0.32120300       1.6582955       6796.8591       26.338547
     -0.24090300       1.2437216       6796.8702       33.497068
     -0.16060200      0.82914776       6795.3385       22.844624
    -0.080301000      0.41457388       6793.1478       18.462664
       0.0000000       0.0000000       6791.9634       18.612966
     0.080300000     -0.41457388       6787.6725       29.169301
      0.16060100     -0.82914776       6800.4251       35.323074
      0.24090200      -1.2437216       6807.2893       43.403352
      0.32120300      -1.6582955       6802.6075       50.308961
      0.40150400      -2.0728694       6810.0607       41.710193
