      -6.1403094      -9.1033852       4912.0689       408.72764
      -5.9041437      -8.7532550       4918.0055       276.76382
      -5.6679779      -8.4031248       4996.9138       179.84396
      -5.4318122      -8.0529946       4984.1315       186.86563
      -5.1956464      -7.7028644       4992.9099       90.478654
      -4.9594807      -7.3527342       5007.9895       67.235225
      -4.7233149      -7.0026040       5001.6575       36.182135
      -4.4871492      -6.6524738       5003.4361       34.200336
      -4.2509834      -6.3023436       4999.8349       23.089333
      -4.0148177      -5.9522134       5000.6094       14.331844
      -3.7786520      -5.6020832       5004.5262       11.564062
      -3.5424862      -5.2519530       5004.0643       14.666675
      -3.3063205      -4.9018228       5002.4315       16.780384
      -3.0701547      -4.5516926       5002.4985       14.009945
      -2.8339890      -4.2015624       5000.9707       11.519823
      -2.5978232      -3.8514322       4991.3268       10.898642
      -2.3616575      -3.5013020       4985.7800       8.7705381
      -2.1254917      -3.1511718       4983.3743       7.4237139
      -1.8893260      -2.8010416       4976.7994       8.1576852
      -1.6531603      -2.4509114       4961.9901       9.3511591
      -1.4169945      -2.1007812       4936.9176       9.8220182
      -1.1808288      -1.7506510       4907.7981       9.7001831
     -0.94466300      -1.4005208       4882.7904       9.6491127
     -0.70849730      -1.0503906       4859.3328       10.171315
     -0.47233150     -0.70026040       4839.2240       9.9914510
     -0.23616580     -0.35013020       4831.7641       11.854496
       0.0000000       0.0000000       4826.8355       13.800606
      0.23616570      0.35013020       4820.3031       15.113925
      0.47233140      0.70026040       4814.3252       12.306077
      0.70849720       1.0503906       4813.3904       12.221950
      0.94466290       1.4005208       4810.8926       17.123095
       1.1808287       1.7506510       4805.7361       25.697580
       1.4169944       2.1007812       4803.1981       34.705565
       1.6531602       2.4509114       4797.0219       44.951858
       1.8893259       2.8010416       4795.1367       63.676997
       2.1254917       3.1511718       4768.5386       134.14543
       2.3616574       3.5013020       4783.7617       197.84195
       2.5978231       3.8514322       4780.0990       352.38069
       2.8339889       4.2015624       4787.0541       113.37534
       3.0701546       4.5516926       4787.9973       336.36842
       3.3063204       4.9018228       4729.2626       281.40149
       3.7786519       5.6020832       5065.4532       732.85003
       4.0148176       5.9522134       5075.5763       201.25890
       4.4871491       6.6524738       4984.0824       667.51596
       5.9041436       8.7532550       5110.5083       205.58922
       6.1403093       9.1033852       5069.3047       881.87934
       6.3764751       9.4535154       5033.7003       242.24934
       6.6126408       9.8036456       5090.3566       305.18354
       6.8488065       10.153776       5134.0798       474.47578
       7.3211380       10.854036       5089.8160       244.52776
       13.225282       19.607291       4840.0946       124.55683
       13.461447       19.957421       4880.2775       134.16226
       13.697613       20.307552       4880.8700       258.99584
