      -5.8941730     -0.46390248       6983.0988       100.48496
      -5.4731610     -0.43076659       6967.4675       131.69864
      -5.0521480     -0.39763070       6980.1023       32.054073
      -4.6311360     -0.36449481       6980.2190       30.358177
      -4.2101240     -0.33135892       6977.2075       44.515591
      -3.7891110     -0.29822302       6956.7693       186.01868
      -3.3680990     -0.26508713       6947.3878       197.98716
      -2.9470870     -0.23195124       6941.3072       112.09112
      -2.5260740     -0.19881535       6946.4329       104.25241
      -2.1050620     -0.16567946       6947.9127       55.484433
      -1.6840500     -0.13254357       6944.4935       27.591883
      -1.2630370    -0.099407675       6943.0338       23.749253
     -0.84202500    -0.066271783       6947.1253       29.344409
     -0.42101300    -0.033135892       6941.1553       36.052937
       0.0000000       0.0000000       6925.1375       49.714273
      0.42101200     0.033135891       6896.1527       37.016957
      0.84202400     0.066271782       6883.4112       32.016986
       1.2630360     0.099407674       6849.7149       42.193254
       1.6840490      0.13254356       6815.0833       30.036598
       2.1050610      0.16567946       6809.9933       19.224861
       2.5260730      0.19881535       6814.2200       36.620709
       2.9470860      0.23195124       6800.9503       41.721074
       3.3680980      0.26508713       6796.4433       44.486370
       3.7891100      0.29822302       6804.6074       97.212059
       4.2101230      0.33135891       6792.6220       129.97189
       4.6311350      0.36449480       6783.4415       103.81384
       5.0521470      0.39763070       6761.6274       64.095529
       5.4731600      0.43076659       6760.8858       35.665543
