      -5.6830389       1.5133410       5309.5514       79.698065
      -5.2771076       1.3969301       5281.8916       92.356292
      -4.8711762       1.2805193       5288.8764       81.752479
      -4.4652449       1.1641084       5292.7937       39.669060
      -4.0593135       1.0476976       5290.3076       22.882093
      -3.6533822      0.93128675       5279.8847       13.736772
      -3.2474508      0.81487590       5280.3108       9.3096014
      -2.8415195      0.69846506       5276.1003       7.9326094
      -2.4355881      0.58205422       5270.4351       8.7573907
      -2.0296568      0.46564337       5260.1869       9.2769774
      -1.6237254      0.34923253       5251.1936       9.2775653
      -1.2177941      0.23282169       5245.3525       9.1877042
     -0.81186270      0.11641084       5230.2701       9.8348968
     -0.40593140       0.0000000       5214.7767       11.182071
       0.0000000     -0.11641084       5195.4352       11.580501
      0.40593130     -0.23282169       5165.6306       12.978264
      0.81186270     -0.34923253       5138.1775       12.260585
       1.2177940     -0.46564337       5115.4448       10.996842
       1.6237254     -0.58205422       5096.7315       10.570776
       2.0296567     -0.69846506       5086.9167       7.6374086
       2.4355881     -0.81487590       5085.0371       9.8545276
       2.8415194     -0.93128675       5078.9894       12.917102
       3.2474508      -1.0476976       5077.9256       14.821344
       3.6533821      -1.1641084       5081.6229       16.944593
       4.0593135      -1.2805193       5076.6859       25.327063
       4.4652448      -1.3969301       5077.9446       21.367976
       4.8711762      -1.5133410       5075.0637       19.830355
       5.2771075      -1.6297518       5074.2121       30.564020
