     -0.72221950       1.5874541       5010.1240       153.75079
     -0.57777560       1.1905906       5018.4523       184.00332
     -0.43333170      0.79372703       5021.9603       101.34366
     -0.28888780      0.39686352       5027.9846       41.344593
     -0.14444390       0.0000000       5031.4920       28.627017
       0.0000000     -0.39686352       5040.0682       33.589397
      0.14444400     -0.79372703       5047.8861       47.375693
      0.28888790      -1.1905906       5060.5472       33.915657
      0.43333180      -1.5874541       5064.2361       27.172939
       1.2999953      -3.9686352       5115.2351       71.489298
