      -8.0281030      -4.6456667       5058.0427       422.73602
      -7.6631890      -4.4345000       5134.0957       423.25821
      -7.2982750      -4.2233333       5168.6062       547.85025
      -6.9333610      -4.0121667       5213.2581       388.45867
      -6.5684480      -3.8010000       5200.8466       260.31616
      -6.2035340      -3.5898333       5240.4370       617.51864
      -5.8386200      -3.3786667       5209.5602       719.84846
      -3.6491380      -2.1116667       5311.6038       718.91080
      -3.2842240      -1.9005000       5307.9383       295.53965
      -2.9193100      -1.6893333       5201.8786       456.70243
      -2.5543960      -1.4781667       5394.6260       542.62974
      -2.1894830      -1.2670000       5388.4833       531.35145
      -1.4596550     -0.84466667       5454.8712       623.58993
      -1.0947410     -0.63350000       5416.6439       585.74260
     -0.72982800     -0.42233333       5425.8841       161.62346
       0.0000000       0.0000000       5424.0631       320.08714
      0.36491400      0.21116667       5401.8218       319.93004
       1.0947410      0.63350000       5364.8789       99.241379
       1.4596550      0.84466667       5359.7576       49.405004
       1.8245690       1.0558333       5349.4720       16.305895
       2.1894820       1.2670000       5349.7797       6.6652631
       2.5543960       1.4781667       5351.4466       5.6303235
       2.9193100       1.6893333       5350.6732       5.7891725
       3.2842240       1.9005000       5353.6429       8.7537157
       3.6491370       2.1116667       5352.2323       23.351088
       4.0140510       2.3228333       5339.7778       71.589112
       4.3789650       2.5340000       5360.0083       247.60833
       8.7579300       5.0680000       5345.8417       447.67971
       9.1228440       5.2791667       5382.5624       271.76712
       9.4877570       5.4903333       5353.4173       727.86026
       9.8526710       5.7015000       5311.4659       347.17083
