      -2.8370510      -10.606510       6080.7731       280.97292
      -2.6188160      -9.7906242       6044.9492       221.25974
      -2.5096990      -9.3826815       5939.1759       212.14512
      -2.2914640      -8.5667961       5995.3011       219.71584
      -1.2002910      -4.4873694       5933.3075       396.14289
      -1.0911730      -4.0794267       5911.8479       169.60883
     -0.98205600      -3.6714841       5940.3860       67.769996
     -0.87293900      -3.2635414       5940.4670       47.271914
     -0.76382100      -2.8555987       5951.3623       29.221533
     -0.65470400      -2.4476560       5962.9596       25.691847
     -0.54558600      -2.0397134       5975.0293       24.689333
     -0.43646900      -1.6317707       5987.7262       22.161756
     -0.32735200      -1.2238280       5995.6194       16.305545
     -0.21823400     -0.81588535       6007.5546       14.934585
       0.0000000       0.0000000       6050.0398       16.286439
      0.10911800      0.40794268       6065.1898       20.453649
      0.21823500      0.81588535       6083.6400       20.265291
      0.32735200       1.2238280       6099.6723       20.347850
      0.43647000       1.6317707       6108.5623       36.304844
      0.54558700       2.0397134       6108.5796       56.429089
      0.65470500       2.4476561       6120.5516       112.47619
      0.76382200       2.8555987       6192.1367       462.57384
      0.98205700       3.6714841       6199.9233       328.02614
       1.0911740       4.0794267       6187.7593       319.52938
       2.4005820       8.9747388       5864.6770       333.57932
       2.5097000       9.3826815       5807.5376       344.27357
       2.6188170       9.7906242       5848.4911       294.21402
       2.7279350       10.198567       5829.6807       388.92663
       2.8370520       10.606510       5801.6329       378.78982
