      -3.1404250       6.4530417       6958.9817       245.36241
      -2.9556940       6.0734510       6962.8828       142.58035
      -2.7709630       5.6938603       7009.2452       247.61948
      -2.5862320       5.3142696       7013.1134       347.78210
      -2.4015010       4.9346789       6979.1200       180.84889
      -2.2167710       4.5550882       6991.8922       49.030966
      -2.0320400       4.1754975       6992.9789       27.533153
      -1.8473090       3.7959069       6994.6832       25.680845
      -1.6625780       3.4163162       6996.6310       24.987576
      -1.4778470       3.0367255       7000.3948       20.159328
      -1.2931160       2.6571348       7009.9147       22.919612
      -1.1083850       2.2775441       7018.5613       19.942120
     -0.92365400       1.8979534       7022.4317       14.775865
     -0.73892300       1.5183627       7033.0350       14.162385
     -0.55419300       1.1387721       7040.7742       12.850110
     -0.36946200      0.75918137       7049.4035       12.820222
     -0.18473100      0.37959068       7073.2062       16.417727
       0.0000000       0.0000000       7112.7647       14.811872
      0.18473100     -0.37959069       7139.7303       12.101472
      0.36946200     -0.75918137       7166.9650       10.804975
      0.55419300      -1.1387721       7193.7821       10.686143
      0.73892400      -1.5183628       7220.4383       8.5203399
      0.92365500      -1.8979534       7233.9599       7.3253832
       1.1083850      -2.2775441       7243.7195       7.7228541
       1.2931160      -2.6571348       7248.9200       10.657868
       1.4778470      -3.0367255       7250.2720       12.406400
       1.6625780      -3.4163162       7251.7099       18.320860
       1.8473090      -3.7959069       7238.8712       33.779784
       2.0320400      -4.1754975       7238.9472       31.698708
       2.2167710      -4.5550882       7235.1907       28.326672
       2.4015020      -4.9346789       7237.7343       40.490397
       2.5862330      -5.3142696       7236.5823       59.914169
       2.7709630      -5.6938603       7242.8511       75.274865
       2.9556940      -6.0734510       7250.4736       144.38668
       3.1404250      -6.4530417       7232.0071       198.75799
